id	acc26	acc31	acc56	acc84	acc288	acc85	acc289	deepseq	deepseq1
HM001	1	1	1	1	1	1	1		
HM002	1	1	1	1	1	1	1		
HM003	1	1	1	1	1	1	1		
HM004	1	1	1	1	1	1	1	1	1
HM005	1	1	1	1	1	1	1		
HM006	1	1	1	1	1	1	1		
HM007	1	1	1	1	1	1	1		
HM008	1	1	1	1	1	1	1		
HM009	1	1	1	1	1	1	1		
HM010	1	1	1	1	1	1	1	1	1
HM011	1	1	1	1	1	1	1		
HM012	1	1	1	1	1	1	1		
HM013	1	1	1	1	1	1	1		
HM014	1	1	1	1	1	1	1		
HM015	1	1	1	1	1	1	1		
HM016	1	1	1	1	1	1	1		
HM017		1		1		1		1	
HM018		1		1		1		1	
HM019	1	1	1	1	1	1	1		
HM020	1	1	1	1	1	1	1		
HM021	1	1	1	1	1	1	1		
HM022		1		1		1		1	
HM023	1	1	1	1	1	1	1		
HM024	1	1	1	1	1	1	1		
HM025	1	1	1	1	1	1	1		
HM026	1	1	1	1	1	1	1		
HM027	1	1	1	1	1	1	1		
HM028	1	1	1	1	1	1	1		
HM029		1		1		1		1	
HM030		1		1		1			
HM031			1	1	1	1	1		
HM032			1	1	1	1	1		
HM033			1	1	1	1	1		
HM034			1	1	1	1	1	1	1
HM035			1	1	1	1	1	1	1
HM036			1	1	1	1	1		
HM037			1	1	1	1	1		
HM038			1	1	1	1	1		
HM039			1	1	1	1	1		
HM040			1	1	1	1	1		
HM041			1	1	1	1	1		
HM042			1	1	1	1	1		
HM043			1	1	1	1	1		
HM044			1	1	1	1	1		
HM045			1	1	1	1	1		
HM046			1	1	1	1	1		
HM047			1	1	1	1	1		
HM048			1	1	1	1	1		
HM049			1	1	1	1	1		
HM050			1	1	1	1	1	1	1
HM051			1	1	1	1	1		
HM052			1	1	1	1	1		
HM053			1	1	1	1	1		
HM054			1	1	1	1	1		
HM055			1	1	1	1	1		
HM056			1	1	1	1	1	1	1
HM057			1	1	1	1	1		
HM058			1	1	1	1	1	1	1
HM059			1	1	1	1	1		
HM060			1	1	1	1	1	1	1
HM061					1		1		
HM062					1		1		
HM063					1		1		
HM064					1		1		
HM065					1		1	1	1
HM066					1		1		
HM067					1		1		
HM068					1		1		
HM069					1		1		
HM070					1		1		
HM071					1		1		
HM072					1		1		
HM073					1		1		
HM074					1		1		
HM075					1		1		
HM076					1		1		
HM077					1		1		
HM078					1		1		
HM079					1		1		
HM080					1		1		
HM081					1		1		
HM082					1		1		
HM083					1		1	1	1
HM084					1		1		
HM085					1		1		
HM086					1		1		
HM087					1		1		
HM088					1		1		
HM089					1		1		
HM090								1	
HM091					1		1		
HM092					1		1		
HM093					1		1		
HM094								1	
HM095					1		1	1	1
HM096					1		1		
HM097					1		1		
HM098					1		1		
HM099					1		1		
HM100									
HM101	1	1	1	1	1	1	1	1	1
HM102				1		1			
HM103									
HM104									
HM105					1		1		
HM106					1		1	1	1
HM107					1		1		
HM108					1		1		
HM109					1		1	1	1
HM110									
HM111					1		1		
HM112					1		1		
HM113									
HM114					1		1		
HM115					1		1		
HM116									
HM117					1		1	1	1
HM118					1		1		
HM119					1		1		
HM120					1		1		
HM121					1		1		
HM122					1		1		
HM123									
HM124					1		1		
HM125					1		1	1	1
HM126					1		1		
HM127					1		1		
HM128					1		1		
HM129					1		1	1	1
HM130					1		1		
HM131					1		1		
HM132									
HM133					1		1		
HM134					1		1	1	1
HM135					1		1		
HM136									
HM137									
HM138					1		1		
HM139					1		1		
HM140									
HM141					1		1		
HM142									
HM143					1		1		
HM144									
HM145					1		1		
HM146					1		1		
HM147					1		1		
HM148					1		1		
HM149					1		1		
HM150					1		1		
HM151					1		1	1	1
HM152					1		1		
HM153					1		1		
HM154					1		1		
HM155					1		1		
HM156					1		1		
HM157					1		1		
HM158									
HM159					1		1		
HM160					1		1		
HM161					1		1	1	1
HM162					1		1		
HM163					1		1	1	1
HM164					1		1		
HM165					1		1		
HM166					1		1		
HM167					1		1		
HM168					1		1		
HM169					1		1		
HM170					1		1		
HM171									
HM172					1		1		
HM173					1		1		
HM174									
HM175					1		1		
HM176					1		1		
HM177					1		1		
HM178					1		1	1	1
HM179					1		1		
HM180					1		1		
HM181					1		1		
HM182					1		1		
HM183					1		1		
HM184					1		1		
HM185					1		1	1	1
HM186					1		1		
HM187					1		1		
HM188					1		1		
HM189					1		1		
HM190					1		1		
HM191					1		1		
HM192					1		1		
HM193					1		1		
HM194					1		1		
HM195					1		1		
HM196					1		1		
HM197					1		1	1	1
HM198					1		1		
HM199					1		1		
HM200					1		1		
HM201					1		1	1	1
HM202					1		1		
HM203					1		1		
HM204								1	
HM205					1		1		
HM206					1		1		
HM207					1		1		
HM208					1		1		
HM209					1		1		
HM210					1		1		
HM211					1		1		
HM212					1		1		
HM213					1		1		
HM214					1		1		
HM215					1		1		
HM216					1		1		
HM217					1		1		
HM218					1		1		
HM219					1		1		
HM220					1		1		
HM221					1		1		
HM222					1		1		
HM223					1		1		
HM224					1		1		
HM225					1		1		
HM226					1		1		
HM227					1		1		
HM228					1		1		
HM229					1		1		
HM230					1		1		
HM231					1		1		
HM232					1		1		
HM233					1		1		
HM234					1		1		
HM235					1		1		
HM236					1		1		
HM237					1		1		
HM238					1		1		
HM239					1		1		
HM240					1		1		
HM241					1		1		
HM242					1		1		
HM243					1		1		
HM244					1		1		
HM245					1		1		
HM246					1		1		
HM247					1		1		
HM248					1		1		
HM249					1		1		
HM250					1		1		
HM251					1		1		
HM252					1		1		
HM253					1		1		
HM254					1		1		
HM255					1		1		
HM256					1		1		
HM257					1		1		
HM258					1		1		
HM259					1		1		
HM260					1		1		
HM261					1		1		
HM262					1		1		
HM263									
HM264					1		1		
HM265									
HM266					1		1		
HM267					1		1		
HM268					1		1		
HM269					1		1		
HM270					1		1		
HM271					1		1		
HM272									
HM273					1		1		
HM274					1		1		
HM275					1		1		
HM276					1		1		
HM277					1		1		
HM278					1		1		
HM279					1		1		
HM280					1		1		
HM281									
HM282					1		1		
HM283					1		1		
HM284					1		1		
HM285					1		1		
HM286					1		1		
HM287					1		1		
HM288					1		1		
HM289					1		1		
HM290					1		1		
HM291					1		1		
HM292					1		1		
HM293					1		1		
HM294					1		1		
HM295					1		1		
HM296					1		1		
HM297					1		1		
HM298					1		1		
HM299					1		1		
HM300					1		1		
HM301					1		1		
HM302					1		1		
HM303					1		1		
HM304					1		1		
HM305					1		1		
HM306					1		1		
HM307					1		1		
HM308					1		1		
HM309					1		1		
HM310					1		1		
HM311					1		1		
HM312					1		1		
HM313					1		1		
HM314					1		1		
HM315					1		1		
HM316					1		1		
HM317					1		1		
HM318				1		1			
HM319				1		1			
HM320				1		1			
HM321				1		1			
HM322				1		1			
HM323				1		1			
HM324				1		1		1	
HM325				1		1			
HM326				1		1			
HM327				1		1			
HM328				1		1			
HM329				1		1			
HM330				1		1			
HM331				1		1			
HM332				1		1			
HM333				1		1			
HM334				1		1			
HM335				1		1			
HM336				1		1			
HM337				1		1			
HM338				1		1			
HM339				1		1			
HM000						1	1		